type_1	type_1,7,11.771303,4.22402,2.909254,29.95728,64.913588,3.726801,0.599341,2.146826,0.058077,4.316011,0.90988,2.822977,152.104074
type_1	type_1,7,11.771303,4.22402,2.909254,29.95728,64.913588,3.726801,0.599341,2.146826,0.058077,4.316011,0.90988,2.822977,152.104074
type_1	type_1,7,11.771303,4.22402,2.909254,29.95728,64.913588,3.726801,0.599341,2.146826,0.058077,4.316011,0.90988,2.822977,152.104074
type_1	type_1,7,11.771303,4.22402,2.909254,29.95728,64.913588,3.726801,0.599341,2.146826,0.058077,4.316011,0.90988,2.822977,152.104074
type_1	type_1,3,12.879676,1.324909,2.54265,15.938227,87.630169,1.630364,0.99795,2.271253,0.352463,1.16918,0.465801,2.02768,538.446207
type_1	type_1,3,12.879676,1.324909,2.54265,15.938227,87.630169,1.630364,0.99795,2.271253,0.352463,1.16918,0.465801,2.02768,538.446207
type_1	type_1,3,12.879676,1.324909,2.54265,15.938227,87.630169,1.630364,0.99795,2.271253,0.352463,1.16918,0.465801,2.02768,538.446207
type_1	type_1,3,12.879676,1.324909,2.54265,15.938227,87.630169,1.630364,0.99795,2.271253,0.352463,1.16918,0.465801,2.02768,538.446207
type_1	type_1,3,12.879676,1.324909,2.54265,15.938227,87.630169,1.630364,0.99795,2.271253,0.352463,1.16918,0.465801,2.02768,538.446207
type_1	type_1,3,12.879676,1.324909,2.54265,15.938227,87.630169,1.630364,0.99795,2.271253,0.352463,1.16918,0.465801,2.02768,538.446207
type_1	type_1,3,12.879676,1.324909,2.54265,15.938227,87.630169,1.630364,0.99795,2.271253,0.352463,1.16918,0.465801,2.02768,538.446207
type_1	type_1,3,12.879676,1.324909,2.54265,15.938227,87.630169,1.630364,0.99795,2.271253,0.352463,1.16918,0.465801,2.02768,538.446207
type_1	type_1,3,12.879676,1.324909,2.54265,15.938227,87.630169,1.630364,0.99795,2.271253,0.352463,1.16918,0.465801,2.02768,538.446207
type_1	type_1,3,12.879676,1.324909,2.54265,15.938227,87.630169,1.630364,0.99795,2.271253,0.352463,1.16918,0.465801,2.02768,538.446207
type_1	type_1,3,12.879676,1.324909,2.54265,15.938227,87.630169,1.630364,0.99795,2.271253,0.352463,1.16918,0.465801,2.02768,538.446207
type_1	type_1,3,12.879676,1.324909,2.54265,15.938227,87.630169,1.630364,0.99795,2.271253,0.352463,1.16918,0.465801,2.02768,538.446207
type_1	type_1,3,12.879676,1.324909,2.54265,15.938227,87.630169,1.630364,0.99795,2.271253,0.352463,1.16918,0.465801,2.02768,538.446207
type_1	type_1,3,12.879676,1.324909,2.54265,15.938227,87.630169,1.630364,0.99795,2.271253,0.352463,1.16918,0.465801,2.02768,538.446207
type_1	type_1,3,12.879676,1.324909,2.54265,15.938227,87.630169,1.630364,0.99795,2.271253,0.352463,1.16918,0.465801,2.02768,538.446207
type_1	type_1,3,12.879676,1.324909,2.54265,15.938227,87.630169,1.630364,0.99795,2.271253,0.352463,1.16918,0.465801,2.02768,538.446207
type_1	type_1,3,12.879676,1.324909,2.54265,15.938227,87.630169,1.630364,0.99795,2.271253,0.352463,1.16918,0.465801,2.02768,538.446207
type_1	type_1,3,12.879676,1.324909,2.54265,15.938227,87.630169,1.630364,0.99795,2.271253,0.352463,1.16918,0.465801,2.02768,538.446207
type_1	type_1,3,12.879676,1.324909,2.54265,15.938227,87.630169,1.630364,0.99795,2.271253,0.352463,1.16918,0.465801,2.02768,538.446207
type_1	type_1,3,12.879676,1.324909,2.54265,15.938227,87.630169,1.630364,0.99795,2.271253,0.352463,1.16918,0.465801,2.02768,538.446207
type_1	type_1,3,12.879676,1.324909,2.54265,15.938227,87.630169,1.630364,0.99795,2.271253,0.352463,1.16918,0.465801,2.02768,538.446207
type_1	type_1,3,12.879676,1.324909,2.54265,15.938227,87.630169,1.630364,0.99795,2.271253,0.352463,1.16918,0.465801,2.02768,538.446207
type_1	type_1,3,12.879676,1.324909,2.54265,15.938227,87.630169,1.630364,0.99795,2.271253,0.352463,1.16918,0.465801,2.02768,538.446207
type_1	type_1,3,12.879676,1.324909,2.54265,15.938227,87.630169,1.630364,0.99795,2.271253,0.352463,1.16918,0.465801,2.02768,538.446207
type_1	type_1,3,12.879676,1.324909,2.54265,15.938227,87.630169,1.630364,0.99795,2.271253,0.352463,1.16918,0.465801,2.02768,538.446207
type_1	type_1,3,12.879676,1.324909,2.54265,15.938227,87.630169,1.630364,0.99795,2.271253,0.352463,1.16918,0.465801,2.02768,538.446207
type_1	type_1,3,13.785858,4.471043,2.838263,16.804376,55.180226,2.993519,0.460338,2.302359,0.796971,1.003385,1.596606,1.337031,635.031741
type_1	type_1,3,13.785858,4.471043,2.838263,16.804376,55.180226,2.993519,0.460338,2.302359,0.796971,1.003385,1.596606,1.337031,635.031741
type_1	type_1,3,13.785858,4.471043,2.838263,16.804376,55.180226,2.993519,0.460338,2.302359,0.796971,1.003385,1.596606,1.337031,635.031741
type_1	type_1,3,13.785858,4.471043,2.838263,16.804376,55.180226,2.993519,0.460338,2.302359,0.796971,1.003385,1.596606,1.337031,635.031741
type_1	type_1,3,13.785858,4.471043,2.838263,16.804376,55.180226,2.993519,0.460338,2.302359,0.796971,1.003385,1.596606,1.337031,635.031741
type_1	type_1,3,13.785858,4.471043,2.838263,16.804376,55.180226,2.993519,0.460338,2.302359,0.796971,1.003385,1.596606,1.337031,635.031741
type_1	type_1,3,13.785858,4.471043,2.838263,16.804376,55.180226,2.993519,0.460338,2.302359,0.796971,1.003385,1.596606,1.337031,635.031741
type_1	type_1,3,13.785858,4.471043,2.838263,16.804376,55.180226,2.993519,0.460338,2.302359,0.796971,1.003385,1.596606,1.337031,635.031741
type_1	type_1,3,13.785858,4.471043,2.838263,16.804376,55.180226,2.993519,0.460338,2.302359,0.796971,1.003385,1.596606,1.337031,635.031741
type_1	type_1,3,13.785858,4.471043,2.838263,16.804376,55.180226,2.993519,0.460338,2.302359,0.796971,1.003385,1.596606,1.337031,635.031741
type_1	type_1,3,13.785858,4.471043,2.838263,16.804376,55.180226,2.993519,0.460338,2.302359,0.796971,1.003385,1.596606,1.337031,635.031741
type_1	type_1,3,13.785858,4.471043,2.838263,16.804376,55.180226,2.993519,0.460338,2.302359,0.796971,1.003385,1.596606,1.337031,635.031741
type_1	type_1,3,13.785858,4.471043,2.838263,16.804376,55.180226,2.993519,0.460338,2.302359,0.796971,1.003385,1.596606,1.337031,635.031741
type_1	type_1,3,13.785858,4.471043,2.838263,16.804376,55.180226,2.993519,0.460338,2.302359,0.796971,1.003385,1.596606,1.337031,635.031741
type_1	type_1,3,13.785858,4.471043,2.838263,16.804376,55.180226,2.993519,0.460338,2.302359,0.796971,1.003385,1.596606,1.337031,635.031741
type_1	type_1,3,13.785858,4.471043,2.838263,16.804376,55.180226,2.993519,0.460338,2.302359,0.796971,1.003385,1.596606,1.337031,635.031741
type_1	type_1,3,13.785858,4.471043,2.838263,16.804376,55.180226,2.993519,0.460338,2.302359,0.796971,1.003385,1.596606,1.337031,635.031741
type_1	type_1,3,13.785858,4.471043,2.838263,16.804376,55.180226,2.993519,0.460338,2.302359,0.796971,1.003385,1.596606,1.337031,635.031741
type_1	type_1,3,13.785858,4.471043,2.838263,16.804376,55.180226,2.993519,0.460338,2.302359,0.796971,1.003385,1.596606,1.337031,635.031741
type_1	type_1,3,13.785858,4.471043,2.838263,16.804376,55.180226,2.993519,0.460338,2.302359,0.796971,1.003385,1.596606,1.337031,635.031741
type_1	type_1,3,13.785858,4.471043,2.838263,16.804376,55.180226,2.993519,0.460338,2.302359,0.796971,1.003385,1.596606,1.337031,635.031741
type_1	type_1,3,13.785858,4.471043,2.838263,16.804376,55.180226,2.993519,0.460338,2.302359,0.796971,1.003385,1.596606,1.337031,635.031741
type_1	type_1,3,13.785858,4.471043,2.838263,16.804376,55.180226,2.993519,0.460338,2.302359,0.796971,1.003385,1.596606,1.337031,635.031741
type_1	type_1,3,13.785858,4.471043,2.838263,16.804376,55.180226,2.993519,0.460338,2.302359,0.796971,1.003385,1.596606,1.337031,635.031741
type_1	type_1,1,10.800413,4.718066,2.767271,18.651472,145.446864,2.260237,0.837687,2.457893,0.052217,0.174407,0.283331,2.334734,1117.959408
type_1	type_1,1,10.800413,4.718066,2.767271,18.651472,145.446864,2.260237,0.837687,2.457893,0.052217,0.174407,0.283331,2.334734,1117.959408
type_1	type_1,1,10.800413,4.718066,2.767271,18.651472,145.446864,2.260237,0.837687,2.457893,0.052217,0.174407,0.283331,2.334734,1117.959408
type_1	type_1,1,10.800413,4.718066,2.767271,18.651472,145.446864,2.260237,0.837687,2.457893,0.052217,0.174407,0.283331,2.334734,1117.959408
type_1	type_1,1,10.800413,4.718066,2.767271,18.651472,145.446864,2.260237,0.837687,2.457893,0.052217,0.174407,0.283331,2.334734,1117.959408
type_1	type_1,1,10.800413,4.718066,2.767271,18.651472,145.446864,2.260237,0.837687,2.457893,0.052217,0.174407,0.283331,2.334734,1117.959408
type_1	type_1,1,10.800413,4.718066,2.767271,18.651472,145.446864,2.260237,0.837687,2.457893,0.052217,0.174407,0.283331,2.334734,1117.959408
type_1	type_1,1,10.800413,4.718066,2.767271,18.651472,145.446864,2.260237,0.837687,2.457893,0.052217,0.174407,0.283331,2.334734,1117.959408
type_1	type_1,1,10.800413,4.718066,2.767271,18.651472,145.446864,2.260237,0.837687,2.457893,0.052217,0.174407,0.283331,2.334734,1117.959408
type_1	type_1,1,10.800413,4.718066,2.767271,18.651472,145.446864,2.260237,0.837687,2.457893,0.052217,0.174407,0.283331,2.334734,1117.959408
type_1	type_1,1,10.800413,4.718066,2.767271,18.651472,145.446864,2.260237,0.837687,2.457893,0.052217,0.174407,0.283331,2.334734,1117.959408
type_1	type_1,1,10.800413,4.718066,2.767271,18.651472,145.446864,2.260237,0.837687,2.457893,0.052217,0.174407,0.283331,2.334734,1117.959408
type_1	type_1,1,10.800413,4.718066,2.767271,18.651472,145.446864,2.260237,0.837687,2.457893,0.052217,0.174407,0.283331,2.334734,1117.959408
type_1	type_1,1,10.800413,4.718066,2.767271,18.651472,145.446864,2.260237,0.837687,2.457893,0.052217,0.174407,0.283331,2.334734,1117.959408
type_1	type_1,1,10.800413,4.718066,2.767271,18.651472,145.446864,2.260237,0.837687,2.457893,0.052217,0.174407,0.283331,2.334734,1117.959408
type_1	type_1,1,10.800413,4.718066,2.767271,18.651472,145.446864,2.260237,0.837687,2.457893,0.052217,0.174407,0.283331,2.334734,1117.959408
type_1	type_1,1,10.800413,4.718066,2.767271,18.651472,145.446864,2.260237,0.837687,2.457893,0.052217,0.174407,0.283331,2.334734,1117.959408
type_1	type_1,1,10.800413,4.718066,2.767271,18.651472,145.446864,2.260237,0.837687,2.457893,0.052217,0.174407,0.283331,2.334734,1117.959408
type_1	type_1,1,10.800413,4.718066,2.767271,18.651472,145.446864,2.260237,0.837687,2.457893,0.052217,0.174407,0.283331,2.334734,1117.959408
type_1	type_1,1,10.800413,4.718066,2.767271,18.651472,145.446864,2.260237,0.837687,2.457893,0.052217,0.174407,0.283331,2.334734,1117.959408
type_1	type_1,1,10.800413,4.718066,2.767271,18.651472,145.446864,2.260237,0.837687,2.457893,0.052217,0.174407,0.283331,2.334734,1117.959408
type_1	type_1,1,10.800413,4.718066,2.767271,18.651472,145.446864,2.260237,0.837687,2.457893,0.052217,0.174407,0.283331,2.334734,1117.959408
type_1	type_1,1,10.800413,4.718066,2.767271,18.651472,145.446864,2.260237,0.837687,2.457893,0.052217,0.174407,0.283331,2.334734,1117.959408
type_1	type_1,1,10.800413,4.718066,2.767271,18.651472,145.446864,2.260237,0.837687,2.457893,0.052217,0.174407,0.283331,2.334734,1117.959408
type_1	type_1,1,10.800413,4.718066,2.767271,18.651472,145.446864,2.260237,0.837687,2.457893,0.052217,0.174407,0.283331,2.334734,1117.959408
type_1	type_1,8,12.620841,3.885629,2.640816,24.244999,132.47985,3.73308,0.284535,1.189007,0.939582,3.515528,1.246705,1.242379,1605.308112
type_1	type_1,8,12.620841,3.885629,2.640816,24.244999,132.47985,3.73308,0.284535,1.189007,0.939582,3.515528,1.246705,1.242379,1605.308112
type_1	type_1,8,12.620841,3.885629,2.640816,24.244999,132.47985,3.73308,0.284535,1.189007,0.939582,3.515528,1.246705,1.242379,1605.308112
type_1	type_1,8,12.620841,3.885629,2.640816,24.244999,132.47985,3.73308,0.284535,1.189007,0.939582,3.515528,1.246705,1.242379,1605.308112
type_1	type_1,8,12.620841,3.885629,2.640816,24.244999,132.47985,3.73308,0.284535,1.189007,0.939582,3.515528,1.246705,1.242379,1605.308112
type_1	type_1,8,12.620841,3.885629,2.640816,24.244999,132.47985,3.73308,0.284535,1.189007,0.939582,3.515528,1.246705,1.242379,1605.308112
type_1	type_1,8,12.620841,3.885629,2.640816,24.244999,132.47985,3.73308,0.284535,1.189007,0.939582,3.515528,1.246705,1.242379,1605.308112
type_1	type_1,8,12.620841,3.885629,2.640816,24.244999,132.47985,3.73308,0.284535,1.189007,0.939582,3.515528,1.246705,1.242379,1605.308112
type_1	type_1,8,12.620841,3.885629,2.640816,24.244999,132.47985,3.73308,0.284535,1.189007,0.939582,3.515528,1.246705,1.242379,1605.308112
type_1	type_1,8,12.620841,3.885629,2.640816,24.244999,132.47985,3.73308,0.284535,1.189007,0.939582,3.515528,1.246705,1.242379,1605.308112
type_1	type_1,8,12.620841,3.885629,2.640816,24.244999,132.47985,3.73308,0.284535,1.189007,0.939582,3.515528,1.246705,1.242379,1605.308112
type_1	type_1,8,12.620841,3.885629,2.640816,24.244999,132.47985,3.73308,0.284535,1.189007,0.939582,3.515528,1.246705,1.242379,1605.308112
type_1	type_1,8,12.620841,3.885629,2.640816,24.244999,132.47985,3.73308,0.284535,1.189007,0.939582,3.515528,1.246705,1.242379,1605.308112
type_1	type_1,8,12.620841,3.885629,2.640816,24.244999,132.47985,3.73308,0.284535,1.189007,0.939582,3.515528,1.246705,1.242379,1605.308112
type_1	type_1,8,12.620841,3.885629,2.640816,24.244999,132.47985,3.73308,0.284535,1.189007,0.939582,3.515528,1.246705,1.242379,1605.308112
type_1	type_1,8,12.620841,3.885629,2.640816,24.244999,132.47985,3.73308,0.284535,1.189007,0.939582,3.515528,1.246705,1.242379,1605.308112
type_1	type_1,8,12.620841,3.885629,2.640816,24.244999,132.47985,3.73308,0.284535,1.189007,0.939582,3.515528,1.246705,1.242379,1605.308112
type_1	type_1,8,12.620841,3.885629,2.640816,24.244999,132.47985,3.73308,0.284535,1.189007,0.939582,3.515528,1.246705,1.242379,1605.308112
type_1	type_1,8,12.620841,3.885629,2.640816,24.244999,132.47985,3.73308,0.284535,1.189007,0.939582,3.515528,1.246705,1.242379,1605.308112
type_1	type_1,8,12.620841,3.885629,2.640816,24.244999,132.47985,3.73308,0.284535,1.189007,0.939582,3.515528,1.246705,1.242379,1605.308112
type_1	type_1,8,12.620841,3.885629,2.640816,24.244999,132.47985,3.73308,0.284535,1.189007,0.939582,3.515528,1.246705,1.242379,1605.308112
type_1	type_1,8,12.620841,3.885629,2.640816,24.244999,132.47985,3.73308,0.284535,1.189007,0.939582,3.515528,1.246705,1.242379,1605.308112
type_1	type_1,8,12.620841,3.885629,2.640816,24.244999,132.47985,3.73308,0.284535,1.189007,0.939582,3.515528,1.246705,1.242379,1605.308112
type_1	type_1,8,12.620841,3.885629,2.640816,24.244999,132.47985,3.73308,0.284535,1.189007,0.939582,3.515528,1.246705,1.242379,1605.308112
type_1	type_1,8,12.620841,3.885629,2.640816,24.244999,132.47985,3.73308,0.284535,1.189007,0.939582,3.515528,1.246705,1.242379,1605.308112
type_1	type_1,8,13.527023,3.548115,2.936429,25.111148,52.546259,2.579883,0.263275,1.220114,0.10062,3.773787,1.162684,3.556056,589.827912
type_1	type_1,8,13.527023,3.548115,2.936429,25.111148,52.546259,2.579883,0.263275,1.220114,0.10062,3.773787,1.162684,3.556056,589.827912
type_1	type_1,8,13.527023,3.548115,2.936429,25.111148,52.546259,2.579883,0.263275,1.220114,0.10062,3.773787,1.162684,3.556056,589.827912
type_1	type_1,8,13.527023,3.548115,2.936429,25.111148,52.546259,2.579883,0.263275,1.220114,0.10062,3.773787,1.162684,3.556056,589.827912
type_1	type_1,8,13.527023,3.548115,2.936429,25.111148,52.546259,2.579883,0.263275,1.220114,0.10062,3.773787,1.162684,3.556056,589.827912
type_1	type_1,8,13.527023,3.548115,2.936429,25.111148,52.546259,2.579883,0.263275,1.220114,0.10062,3.773787,1.162684,3.556056,589.827912
type_1	type_1,8,13.527023,3.548115,2.936429,25.111148,52.546259,2.579883,0.263275,1.220114,0.10062,3.773787,1.162684,3.556056,589.827912
type_1	type_1,8,13.527023,3.548115,2.936429,25.111148,52.546259,2.579883,0.263275,1.220114,0.10062,3.773787,1.162684,3.556056,589.827912
type_1	type_1,8,13.527023,3.548115,2.936429,25.111148,52.546259,2.579883,0.263275,1.220114,0.10062,3.773787,1.162684,3.556056,589.827912
type_1	type_1,8,13.527023,3.548115,2.936429,25.111148,52.546259,2.579883,0.263275,1.220114,0.10062,3.773787,1.162684,3.556056,589.827912
type_1	type_1,8,13.527023,3.548115,2.936429,25.111148,52.546259,2.579883,0.263275,1.220114,0.10062,3.773787,1.162684,3.556056,589.827912
type_1	type_1,8,13.527023,3.548115,2.936429,25.111148,52.546259,2.579883,0.263275,1.220114,0.10062,3.773787,1.162684,3.556056,589.827912
type_1	type_1,4,12.151748,4.132652,2.569825,26.092096,122.746487,2.999798,0.661884,1.395006,0.626956,4.202254,1.244407,1.170046,1913.978866
type_1	type_1,4,12.151748,4.132652,2.569825,26.092096,122.746487,2.999798,0.661884,1.395006,0.626956,4.202254,1.244407,1.170046,1913.978866
type_1	type_1,4,12.151748,4.132652,2.569825,26.092096,122.746487,2.999798,0.661884,1.395006,0.626956,4.202254,1.244407,1.170046,1913.978866
type_1	type_1,4,12.151748,4.132652,2.569825,26.092096,122.746487,2.999798,0.661884,1.395006,0.626956,4.202254,1.244407,1.170046,1913.978866
type_1	type_1,4,12.151748,4.132652,2.569825,26.092096,122.746487,2.999798,0.661884,1.395006,0.626956,4.202254,1.244407,1.170046,1913.978866
type_1	type_1,4,12.151748,4.132652,2.569825,26.092096,122.746487,2.999798,0.661884,1.395006,0.626956,4.202254,1.244407,1.170046,1913.978866
type_1	type_1,4,12.151748,4.132652,2.569825,26.092096,122.746487,2.999798,0.661884,1.395006,0.626956,4.202254,1.244407,1.170046,1913.978866
type_1	type_1,4,12.151748,4.132652,2.569825,26.092096,122.746487,2.999798,0.661884,1.395006,0.626956,4.202254,1.244407,1.170046,1913.978866
type_1	type_1,4,12.151748,4.132652,2.569825,26.092096,122.746487,2.999798,0.661884,1.395006,0.626956,4.202254,1.244407,1.170046,1913.978866
type_1	type_1,4,12.151748,4.132652,2.569825,26.092096,122.746487,2.999798,0.661884,1.395006,0.626956,4.202254,1.244407,1.170046,1913.978866
type_1	type_1,4,12.151748,4.132652,2.569825,26.092096,122.746487,2.999798,0.661884,1.395006,0.626956,4.202254,1.244407,1.170046,1913.978866
type_1	type_1,4,12.151748,4.132652,2.569825,26.092096,122.746487,2.999798,0.661884,1.395006,0.626956,4.202254,1.244407,1.170046,1913.978866
type_1	type_1,4,12.151748,4.132652,2.569825,26.092096,122.746487,2.999798,0.661884,1.395006,0.626956,4.202254,1.244407,1.170046,1913.978866
type_1	type_1,4,12.151748,4.132652,2.569825,26.092096,122.746487,2.999798,0.661884,1.395006,0.626956,4.202254,1.244407,1.170046,1913.978866
type_1	type_1,4,12.151748,4.132652,2.569825,26.092096,122.746487,2.999798,0.661884,1.395006,0.626956,4.202254,1.244407,1.170046,1913.978866
type_1	type_1,4,12.151748,4.132652,2.569825,26.092096,122.746487,2.999798,0.661884,1.395006,0.626956,4.202254,1.244407,1.170046,1913.978866
type_1	type_1,4,12.151748,4.132652,2.569825,26.092096,122.746487,2.999798,0.661884,1.395006,0.626956,4.202254,1.244407,1.170046,1913.978866
type_1	type_1,4,12.151748,4.132652,2.569825,26.092096,122.746487,2.999798,0.661884,1.395006,0.626956,4.202254,1.244407,1.170046,1913.978866
type_1	type_1,4,12.151748,4.132652,2.569825,26.092096,122.746487,2.999798,0.661884,1.395006,0.626956,4.202254,1.244407,1.170046,1913.978866
type_1	type_1,6,10.541578,3.795138,2.865438,26.958244,142.812897,1.846601,0.124272,1.892,0.839514,0.461161,1.84941,1.553758,1072.755579
type_1	type_1,6,10.541578,3.795138,2.865438,26.958244,142.812897,1.846601,0.124272,1.892,0.839514,0.461161,1.84941,1.553758,1072.755579
type_1	type_1,6,10.541578,3.795138,2.865438,26.958244,142.812897,1.846601,0.124272,1.892,0.839514,0.461161,1.84941,1.553758,1072.755579
type_1	type_1,6,10.541578,3.795138,2.865438,26.958244,142.812897,1.846601,0.124272,1.892,0.839514,0.461161,1.84941,1.553758,1072.755579
type_1	type_1,6,10.541578,3.795138,2.865438,26.958244,142.812897,1.846601,0.124272,1.892,0.839514,0.461161,1.84941,1.553758,1072.755579
type_1	type_1,6,10.541578,3.795138,2.865438,26.958244,142.812897,1.846601,0.124272,1.892,0.839514,0.461161,1.84941,1.553758,1072.755579
type_1	type_1,6,10.541578,3.795138,2.865438,26.958244,142.812897,1.846601,0.124272,1.892,0.839514,0.461161,1.84941,1.553758,1072.755579
type_1	type_1,6,10.541578,3.795138,2.865438,26.958244,142.812897,1.846601,0.124272,1.892,0.839514,0.461161,1.84941,1.553758,1072.755579
type_1	type_1,6,10.541578,3.795138,2.865438,26.958244,142.812897,1.846601,0.124272,1.892,0.839514,0.461161,1.84941,1.553758,1072.755579
type_1	type_1,6,10.541578,3.795138,2.865438,26.958244,142.812897,1.846601,0.124272,1.892,0.839514,0.461161,1.84941,1.553758,1072.755579
type_1	type_1,6,10.541578,3.795138,2.865438,26.958244,142.812897,1.846601,0.124272,1.892,0.839514,0.461161,1.84941,1.553758,1072.755579
type_1	type_1,4,10.072484,4.042161,2.794446,26.321693,133.079534,3.629671,0.985269,2.047534,0.09476,4.632183,0.536136,2.551461,1555.683246
type_1	type_1,4,10.072484,4.042161,2.794446,26.321693,133.079534,3.629671,0.985269,2.047534,0.09476,4.632183,0.536136,2.551461,1555.683246
type_1	type_1,4,10.072484,4.042161,2.794446,26.321693,133.079534,3.629671,0.985269,2.047534,0.09476,4.632183,0.536136,2.551461,1555.683246
type_1	type_1,4,10.072484,4.042161,2.794446,26.321693,133.079534,3.629671,0.985269,2.047534,0.09476,4.632183,0.536136,2.551461,1555.683246
type_1	type_1,4,10.072484,4.042161,2.794446,26.321693,133.079534,3.629671,0.985269,2.047534,0.09476,4.632183,0.536136,2.551461,1555.683246
type_1	type_1,4,10.072484,4.042161,2.794446,26.321693,133.079534,3.629671,0.985269,2.047534,0.09476,4.632183,0.536136,2.551461,1555.683246
type_1	type_1,4,10.072484,4.042161,2.794446,26.321693,133.079534,3.629671,0.985269,2.047534,0.09476,4.632183,0.536136,2.551461,1555.683246
type_1	type_1,4,10.072484,4.042161,2.794446,26.321693,133.079534,3.629671,0.985269,2.047534,0.09476,4.632183,0.536136,2.551461,1555.683246
type_1	type_1,4,10.072484,4.042161,2.794446,26.321693,133.079534,3.629671,0.985269,2.047534,0.09476,4.632183,0.536136,2.551461,1555.683246
type_1	type_1,4,10.072484,4.042161,2.794446,26.321693,133.079534,3.629671,0.985269,2.047534,0.09476,4.632183,0.536136,2.551461,1555.683246
type_1	type_1,4,10.072484,4.042161,2.794446,26.321693,133.079534,3.629671,0.985269,2.047534,0.09476,4.632183,0.536136,2.551461,1555.683246
type_1	type_1,4,13.462314,3.188295,2.573707,27.187841,100.629591,2.476474,0.964009,2.07864,0.539268,4.466387,1.66694,1.860812,1652.268779
type_1	type_1,4,13.462314,3.188295,2.573707,27.187841,100.629591,2.476474,0.964009,2.07864,0.539268,4.466387,1.66694,1.860812,1652.268779
type_1	type_1,4,13.462314,3.188295,2.573707,27.187841,100.629591,2.476474,0.964009,2.07864,0.539268,4.466387,1.66694,1.860812,1652.268779
type_1	type_1,4,13.462314,3.188295,2.573707,27.187841,100.629591,2.476474,0.964009,2.07864,0.539268,4.466387,1.66694,1.860812,1652.268779
type_1	type_1,4,13.462314,3.188295,2.573707,27.187841,100.629591,2.476474,0.964009,2.07864,0.539268,4.466387,1.66694,1.860812,1652.268779
type_1	type_1,4,13.462314,3.188295,2.573707,27.187841,100.629591,2.476474,0.964009,2.07864,0.539268,4.466387,1.66694,1.860812,1652.268779
type_1	type_1,4,13.462314,3.188295,2.573707,27.187841,100.629591,2.476474,0.964009,2.07864,0.539268,4.466387,1.66694,1.860812,1652.268779
type_1	type_1,4,13.462314,3.188295,2.573707,27.187841,100.629591,2.476474,0.964009,2.07864,0.539268,4.466387,1.66694,1.860812,1652.268779
type_1	type_1,4,13.462314,3.188295,2.573707,27.187841,100.629591,2.476474,0.964009,2.07864,0.539268,4.466387,1.66694,1.860812,1652.268779
type_1	type_1,4,13.462314,3.188295,2.573707,27.187841,100.629591,2.476474,0.964009,2.07864,0.539268,4.466387,1.66694,1.860812,1652.268779
type_1	type_1,2,14.764814,4.852292,2.778918,21.938709,126.579823,3.206616,0.260415,4.14384,0.001357,4.241755,0.67739,2.634894,998.77196
type_1	type_1,2,14.764814,4.852292,2.778918,21.938709,126.579823,3.206616,0.260415,4.14384,0.001357,4.241755,0.67739,2.634894,998.77196
type_1	type_1,8,14.700105,4.492472,2.932547,24.015402,74.663155,3.103207,0.961149,1.002366,0.956357,4.934356,1.697998,3.939651,375.909748
type_1	type_1,8,14.700105,4.492472,2.932547,24.015402,74.663155,3.103207,0.961149,1.002366,0.956357,4.934356,1.697998,3.939651,375.909748
type_1	type_1,8,14.700105,4.492472,2.932547,24.015402,74.663155,3.103207,0.961149,1.002366,0.956357,4.934356,1.697998,3.939651,375.909748
type_1	type_1,8,14.700105,4.492472,2.932547,24.015402,74.663155,3.103207,0.961149,1.002366,0.956357,4.934356,1.697998,3.939651,375.909748
type_1	type_1,8,14.700105,4.492472,2.932547,24.015402,74.663155,3.103207,0.961149,1.002366,0.956357,4.934356,1.697998,3.939651,375.909748
type_1	type_1,8,14.700105,4.492472,2.932547,24.015402,74.663155,3.103207,0.961149,1.002366,0.956357,4.934356,1.697998,3.939651,375.909748
type_1	type_1,8,14.700105,4.492472,2.932547,24.015402,74.663155,3.103207,0.961149,1.002366,0.956357,4.934356,1.697998,3.939651,375.909748
type_1	type_1,8,14.700105,4.492472,2.932547,24.015402,74.663155,3.103207,0.961149,1.002366,0.956357,4.934356,1.697998,3.939651,375.909748
type_1	type_1,8,14.700105,4.492472,2.932547,24.015402,74.663155,3.103207,0.961149,1.002366,0.956357,4.934356,1.697998,3.939651,375.909748
type_1	type_1,8,14.700105,4.492472,2.932547,24.015402,74.663155,3.103207,0.961149,1.002366,0.956357,4.934356,1.697998,3.939651,375.909748
type_1	type_1,8,14.700105,4.492472,2.932547,24.015402,74.663155,3.103207,0.961149,1.002366,0.956357,4.934356,1.697998,3.939651,375.909748
type_1	type_1,8,14.700105,4.492472,2.932547,24.015402,74.663155,3.103207,0.961149,1.002366,0.956357,4.934356,1.697998,3.939651,375.909748
type_1	type_1,8,14.700105,4.492472,2.932547,24.015402,74.663155,3.103207,0.961149,1.002366,0.956357,4.934356,1.697998,3.939651,375.909748
type_1	type_1,8,14.700105,4.492472,2.932547,24.015402,74.663155,3.103207,0.961149,1.002366,0.956357,4.934356,1.697998,3.939651,375.909748
type_1	type_1,8,14.700105,4.492472,2.932547,24.015402,74.663155,3.103207,0.961149,1.002366,0.956357,4.934356,1.697998,3.939651,375.909748
type_1	type_1,8,14.700105,4.492472,2.932547,24.015402,74.663155,3.103207,0.961149,1.002366,0.956357,4.934356,1.697998,3.939651,375.909748
type_1	type_1,8,14.700105,4.492472,2.932547,24.015402,74.663155,3.103207,0.961149,1.002366,0.956357,4.934356,1.697998,3.939651,375.909748
type_1	type_1,8,14.700105,4.492472,2.932547,24.015402,74.663155,3.103207,0.961149,1.002366,0.956357,4.934356,1.697998,3.939651,375.909748
type_1	type_1,8,14.700105,4.492472,2.932547,24.015402,74.663155,3.103207,0.961149,1.002366,0.956357,4.934356,1.697998,3.939651,375.909748
type_1	type_1,7,14.943067,3.322521,2.585353,15.475079,129.246199,3.422853,0.386737,3.248235,0.488408,3.533736,0.060999,2.160973,1533.081332
type_1	type_1,7,14.943067,3.322521,2.585353,15.475079,129.246199,3.422853,0.386737,3.248235,0.488408,3.533736,0.060999,2.160973,1533.081332
type_1	type_1,7,14.943067,3.322521,2.585353,15.475079,129.246199,3.422853,0.386737,3.248235,0.488408,3.533736,0.060999,2.160973,1533.081332
type_1	type_1,7,14.943067,3.322521,2.585353,15.475079,129.246199,3.422853,0.386737,3.248235,0.488408,3.533736,0.060999,2.160973,1533.081332
type_1	type_1,7,14.943067,3.322521,2.585353,15.475079,129.246199,3.422853,0.386737,3.248235,0.488408,3.533736,0.060999,2.160973,1533.081332
type_1	type_1,7,14.943067,3.322521,2.585353,15.475079,129.246199,3.422853,0.386737,3.248235,0.488408,3.533736,0.060999,2.160973,1533.081332
type_1	type_1,7,14.943067,3.322521,2.585353,15.475079,129.246199,3.422853,0.386737,3.248235,0.488408,3.533736,0.060999,2.160973,1533.081332
type_1	type_1,7,14.943067,3.322521,2.585353,15.475079,129.246199,3.422853,0.386737,3.248235,0.488408,3.533736,0.060999,2.160973,1533.081332
type_1	type_1,7,14.943067,3.322521,2.585353,15.475079,129.246199,3.422853,0.386737,3.248235,0.488408,3.533736,0.060999,2.160973,1533.081332
type_1	type_1,7,14.943067,3.322521,2.585353,15.475079,129.246199,3.422853,0.386737,3.248235,0.488408,3.533736,0.060999,2.160973,1533.081332
type_1	type_1,7,14.943067,3.322521,2.585353,15.475079,129.246199,3.422853,0.386737,3.248235,0.488408,3.533736,0.060999,2.160973,1533.081332
type_1	type_1,7,14.943067,3.322521,2.585353,15.475079,129.246199,3.422853,0.386737,3.248235,0.488408,3.533736,0.060999,2.160973,1533.081332
type_1	type_1,7,14.943067,3.322521,2.585353,15.475079,129.246199,3.422853,0.386737,3.248235,0.488408,3.533736,0.060999,2.160973,1533.081332
type_1	type_1,7,14.943067,3.322521,2.585353,15.475079,129.246199,3.422853,0.386737,3.248235,0.488408,3.533736,0.060999,2.160973,1533.081332
type_1	type_1,7,14.943067,3.322521,2.585353,15.475079,129.246199,3.422853,0.386737,3.248235,0.488408,3.533736,0.060999,2.160973,1533.081332
type_1	type_1,7,14.943067,3.322521,2.585353,15.475079,129.246199,3.422853,0.386737,3.248235,0.488408,3.533736,0.060999,2.160973,1533.081332
type_1	type_1,7,14.943067,3.322521,2.585353,15.475079,129.246199,3.422853,0.386737,3.248235,0.488408,3.533736,0.060999,2.160973,1533.081332
type_1	type_1,7,14.943067,3.322521,2.585353,15.475079,129.246199,3.422853,0.386737,3.248235,0.488408,3.533736,0.060999,2.160973,1533.081332
type_1	type_1,7,14.943067,3.322521,2.585353,15.475079,129.246199,3.422853,0.386737,3.248235,0.488408,3.533736,0.060999,2.160973,1533.081332
type_1	type_1,7,14.943067,3.322521,2.585353,15.475079,129.246199,3.422853,0.386737,3.248235,0.488408,3.533736,0.060999,2.160973,1533.081332
type_1	type_1,7,14.943067,3.322521,2.585353,15.475079,129.246199,3.422853,0.386737,3.248235,0.488408,3.533736,0.060999,2.160973,1533.081332
type_1	type_1,7,14.943067,3.322521,2.585353,15.475079,129.246199,3.422853,0.386737,3.248235,0.488408,3.533736,0.060999,2.160973,1533.081332
type_1	type_1,5,12.863803,2.715678,2.809975,18.188324,139.579245,1.536374,0.226474,3.951227,0.188163,2.538962,0.394881,2.468027,1006.462886
type_1	type_1,5,12.863803,2.715678,2.809975,18.188324,139.579245,1.536374,0.226474,3.951227,0.188163,2.538962,0.394881,2.468027,1006.462886
type_1	type_1,5,12.863803,2.715678,2.809975,18.188324,139.579245,1.536374,0.226474,3.951227,0.188163,2.538962,0.394881,2.468027,1006.462886
type_1	type_1,5,12.863803,2.715678,2.809975,18.188324,139.579245,1.536374,0.226474,3.951227,0.188163,2.538962,0.394881,2.468027,1006.462886
type_1	type_1,5,12.863803,2.715678,2.809975,18.188324,139.579245,1.536374,0.226474,3.951227,0.188163,2.538962,0.394881,2.468027,1006.462886
type_1	type_1,5,12.863803,2.715678,2.809975,18.188324,139.579245,1.536374,0.226474,3.951227,0.188163,2.538962,0.394881,2.468027,1006.462886
type_1	type_1,5,12.863803,2.715678,2.809975,18.188324,139.579245,1.536374,0.226474,3.951227,0.188163,2.538962,0.394881,2.468027,1006.462886
type_1	type_1,5,12.863803,2.715678,2.809975,18.188324,139.579245,1.536374,0.226474,3.951227,0.188163,2.538962,0.394881,2.468027,1006.462886
type_1	type_1,5,12.863803,2.715678,2.809975,18.188324,139.579245,1.536374,0.226474,3.951227,0.188163,2.538962,0.394881,2.468027,1006.462886
type_1	type_1,5,12.863803,2.715678,2.809975,18.188324,139.579245,1.536374,0.226474,3.951227,0.188163,2.538962,0.394881,2.468027,1006.462886
type_1	type_1,5,12.863803,2.715678,2.809975,18.188324,139.579245,1.536374,0.226474,3.951227,0.188163,2.538962,0.394881,2.468027,1006.462886
type_1	type_1,5,12.863803,2.715678,2.809975,18.188324,139.579245,1.536374,0.226474,3.951227,0.188163,2.538962,0.394881,2.468027,1006.462886
type_1	type_1,5,12.863803,2.715678,2.809975,18.188324,139.579245,1.536374,0.226474,3.951227,0.188163,2.538962,0.394881,2.468027,1006.462886
type_1	type_1,5,12.863803,2.715678,2.809975,18.188324,139.579245,1.536374,0.226474,3.951227,0.188163,2.538962,0.394881,2.468027,1006.462886
type_1	type_1,5,12.863803,2.715678,2.809975,18.188324,139.579245,1.536374,0.226474,3.951227,0.188163,2.538962,0.394881,2.468027,1006.462886
type_1	type_1,5,12.863803,2.715678,2.809975,18.188324,139.579245,1.536374,0.226474,3.951227,0.188163,2.538962,0.394881,2.468027,1006.462886
type_1	type_1,0,12.087039,4.289184,2.723454,28.168789,123.346172,2.896389,0.362618,2.203067,0.350006,1.319557,1.222861,3.549163,1304.564336
type_1	type_1,0,12.087039,4.289184,2.723454,28.168789,123.346172,2.896389,0.362618,2.203067,0.350006,1.319557,1.222861,3.549163,1304.564336
type_1	type_1,0,12.087039,4.289184,2.723454,28.168789,123.346172,2.896389,0.362618,2.203067,0.350006,1.319557,1.222861,3.549163,1304.564336
type_1	type_1,0,12.087039,4.289184,2.723454,28.168789,123.346172,2.896389,0.362618,2.203067,0.350006,1.319557,1.222861,3.549163,1304.564336
type_1	type_1,0,12.087039,4.289184,2.723454,28.168789,123.346172,2.896389,0.362618,2.203067,0.350006,1.319557,1.222861,3.549163,1304.564336
type_1	type_1,0,12.087039,4.289184,2.723454,28.168789,123.346172,2.896389,0.362618,2.203067,0.350006,1.319557,1.222861,3.549163,1304.564336
type_1	type_1,0,12.087039,4.289184,2.723454,28.168789,123.346172,2.896389,0.362618,2.203067,0.350006,1.319557,1.222861,3.549163,1304.564336
type_1	type_1,0,12.087039,4.289184,2.723454,28.168789,123.346172,2.896389,0.362618,2.203067,0.350006,1.319557,1.222861,3.549163,1304.564336
type_1	type_1,0,12.087039,4.289184,2.723454,28.168789,123.346172,2.896389,0.362618,2.203067,0.350006,1.319557,1.222861,3.549163,1304.564336
type_1	type_1,0,12.087039,4.289184,2.723454,28.168789,123.346172,2.896389,0.362618,2.203067,0.350006,1.319557,1.222861,3.549163,1304.564336
type_1	type_1,0,12.087039,4.289184,2.723454,28.168789,123.346172,2.896389,0.362618,2.203067,0.350006,1.319557,1.222861,3.549163,1304.564336
type_1	type_1,2,12.993221,3.435318,2.502715,29.034938,90.896229,1.743192,0.825006,2.234174,0.794514,1.153761,0.353666,2.858515,601.222258
type_1	type_1,2,12.993221,3.435318,2.502715,29.034938,90.896229,1.743192,0.825006,2.234174,0.794514,1.153761,0.353666,2.858515,601.222258
type_1	type_1,2,12.993221,3.435318,2.502715,29.034938,90.896229,1.743192,0.825006,2.234174,0.794514,1.153761,0.353666,2.858515,601.222258
type_1	type_1,2,12.993221,3.435318,2.502715,29.034938,90.896229,1.743192,0.825006,2.234174,0.794514,1.153761,0.353666,2.858515,601.222258
type_1	type_1,2,12.993221,3.435318,2.502715,29.034938,90.896229,1.743192,0.825006,2.234174,0.794514,1.153761,0.353666,2.858515,601.222258
type_1	type_1,2,12.993221,3.435318,2.502715,29.034938,90.896229,1.743192,0.825006,2.234174,0.794514,1.153761,0.353666,2.858515,601.222258
type_1	type_1,2,12.993221,3.435318,2.502715,29.034938,90.896229,1.743192,0.825006,2.234174,0.794514,1.153761,0.353666,2.858515,601.222258
type_1	type_1,2,12.993221,3.435318,2.502715,29.034938,90.896229,1.743192,0.825006,2.234174,0.794514,1.153761,0.353666,2.858515,601.222258
type_1	type_1,1,10.007776,3.682341,2.948076,28.398386,81.162866,3.526262,0.686003,2.90606,0.04976,0.324783,1.040391,3.856217,470.640465
type_1	type_1,1,10.007776,3.682341,2.948076,28.398386,81.162866,3.526262,0.686003,2.90606,0.04976,0.324783,1.040391,3.856217,470.640465
type_1	type_1,1,10.007776,3.682341,2.948076,28.398386,81.162866,3.526262,0.686003,2.90606,0.04976,0.324783,1.040391,3.856217,470.640465
type_1	type_1,1,10.007776,3.682341,2.948076,28.398386,81.162866,3.526262,0.686003,2.90606,0.04976,0.324783,1.040391,3.856217,470.640465
type_1	type_1,7,12.022331,3.929364,2.877084,15.245482,71.429504,2.79298,0.547,3.061594,0.788654,2.012157,0.243469,1.853919,953.568132
type_1	type_1,7,12.022331,3.929364,2.877084,15.245482,71.429504,2.79298,0.547,3.061594,0.788654,2.012157,0.243469,1.853919,953.568132
type_1	type_1,7,12.022331,3.929364,2.877084,15.245482,71.429504,2.79298,0.547,3.061594,0.788654,2.012157,0.243469,1.853919,953.568132
type_1	type_1,7,12.022331,3.929364,2.877084,15.245482,71.429504,2.79298,0.547,3.061594,0.788654,2.012157,0.243469,1.853919,953.568132
type_1	type_1,7,12.022331,3.929364,2.877084,15.245482,71.429504,2.79298,0.547,3.061594,0.788654,2.012157,0.243469,1.853919,953.568132
type_1	type_1,7,12.022331,3.929364,2.877084,15.245482,71.429504,2.79298,0.547,3.061594,0.788654,2.012157,0.243469,1.853919,953.568132
type_1	type_1,7,12.022331,3.929364,2.877084,15.245482,71.429504,2.79298,0.547,3.061594,0.788654,2.012157,0.243469,1.853919,953.568132
type_1	type_1,7,12.022331,3.929364,2.877084,15.245482,71.429504,2.79298,0.547,3.061594,0.788654,2.012157,0.243469,1.853919,953.568132
type_1	type_1,7,12.022331,3.929364,2.877084,15.245482,71.429504,2.79298,0.547,3.061594,0.788654,2.012157,0.243469,1.853919,953.568132
type_1	type_1,9,12.928512,3.075498,2.656345,16.111631,138.979561,1.639783,0.52574,3.092701,0.749514,1.846362,1.374273,1.163271,1050.153665
type_1	type_1,9,12.928512,3.075498,2.656345,16.111631,138.979561,1.639783,0.52574,3.092701,0.749514,1.846362,1.374273,1.163271,1050.153665
type_1	type_1,7,12.734386,2.51239,2.600882,22.34171,88.262262,1.329556,0.627943,1.151928,0.581811,3.924163,1.919744,2.077539,1935.117475
type_1	type_1,7,12.734386,2.51239,2.600882,22.34171,88.262262,1.329556,0.627943,1.151928,0.581811,3.924163,1.919744,2.077539,1935.117475
type_1	type_1,7,12.734386,2.51239,2.600882,22.34171,88.262262,1.329556,0.627943,1.151928,0.581811,3.924163,1.919744,2.077539,1935.117475
type_1	type_1,7,12.734386,2.51239,2.600882,22.34171,88.262262,1.329556,0.627943,1.151928,0.581811,3.924163,1.919744,2.077539,1935.117475
type_1	type_1,7,12.734386,2.51239,2.600882,22.34171,88.262262,1.329556,0.627943,1.151928,0.581811,3.924163,1.919744,2.077539,1935.117475
type_1	type_1,7,12.734386,2.51239,2.600882,22.34171,88.262262,1.329556,0.627943,1.151928,0.581811,3.924163,1.919744,2.077539,1935.117475
type_1	type_1,7,12.734386,2.51239,2.600882,22.34171,88.262262,1.329556,0.627943,1.151928,0.581811,3.924163,1.919744,2.077539,1935.117475
type_1	type_1,7,12.734386,2.51239,2.600882,22.34171,88.262262,1.329556,0.627943,1.151928,0.581811,3.924163,1.919744,2.077539,1935.117475
type_1	type_1,3,13.842759,3.096927,2.750629,23.322657,58.46249,1.749471,0.5102,1.792708,0.392549,0.777333,1.475666,1.282242,328.851103
type_1	type_1,3,13.842759,3.096927,2.750629,23.322657,58.46249,1.749471,0.5102,1.792708,0.392549,0.777333,1.475666,1.282242,328.851103
type_1	type_1,3,13.842759,3.096927,2.750629,23.322657,58.46249,1.749471,0.5102,1.792708,0.392549,0.777333,1.475666,1.282242,328.851103
type_1	type_1,3,13.842759,3.096927,2.750629,23.322657,58.46249,1.749471,0.5102,1.792708,0.392549,0.777333,1.475666,1.282242,328.851103
type_1	type_1,3,13.842759,3.096927,2.750629,23.322657,58.46249,1.749471,0.5102,1.792708,0.392549,0.777333,1.475666,1.282242,328.851103
type_1	type_1,3,13.842759,3.096927,2.750629,23.322657,58.46249,1.749471,0.5102,1.792708,0.392549,0.777333,1.475666,1.282242,328.851103
type_1	type_1,3,13.842759,3.096927,2.750629,23.322657,58.46249,1.749471,0.5102,1.792708,0.392549,0.777333,1.475666,1.282242,328.851103
type_1	type_1,5,14.748941,2.759413,2.52989,21.705158,78.5289,3.112626,0.48894,1.823814,0.837057,0.611537,0.60647,3.075242,425.436637
type_1	type_1,5,14.748941,2.759413,2.52989,21.705158,78.5289,3.112626,0.48894,1.823814,0.837057,0.611537,0.60647,3.075242,425.436637
type_1	type_1,5,14.748941,2.759413,2.52989,21.705158,78.5289,3.112626,0.48894,1.823814,0.837057,0.611537,0.60647,3.075242,425.436637
type_1	type_1,5,14.748941,2.759413,2.52989,21.705158,78.5289,3.112626,0.48894,1.823814,0.837057,0.611537,0.60647,3.075242,425.436637
type_1	type_1,5,14.748941,2.759413,2.52989,21.705158,78.5289,3.112626,0.48894,1.823814,0.837057,0.611537,0.60647,3.075242,425.436637
type_1	type_1,5,14.748941,2.759413,2.52989,21.705158,78.5289,3.112626,0.48894,1.823814,0.837057,0.611537,0.60647,3.075242,425.436637
type_1	type_1,5,14.748941,2.759413,2.52989,21.705158,78.5289,3.112626,0.48894,1.823814,0.837057,0.611537,0.60647,3.075242,425.436637
type_1	type_1,4,11.763495,3.006436,2.975251,23.552254,68.795537,2.379344,0.349937,1.979348,0.092303,4.782559,1.293196,1.072944,908.364303
type_1	type_1,4,11.763495,3.006436,2.975251,23.552254,68.795537,2.379344,0.349937,1.979348,0.092303,4.782559,1.293196,1.072944,908.364303
type_1	type_1,4,11.763495,3.006436,2.975251,23.552254,68.795537,2.379344,0.349937,1.979348,0.092303,4.782559,1.293196,1.072944,908.364303
type_1	type_1,4,11.763495,3.006436,2.975251,23.552254,68.795537,2.379344,0.349937,1.979348,0.092303,4.782559,1.293196,1.072944,908.364303
type_1	type_1,4,11.763495,3.006436,2.975251,23.552254,68.795537,2.379344,0.349937,1.979348,0.092303,4.782559,1.293196,1.072944,908.364303
type_1	type_1,4,11.763495,3.006436,2.975251,23.552254,68.795537,2.379344,0.349937,1.979348,0.092303,4.782559,1.293196,1.072944,908.364303
type_1	type_1,4,12.669677,2.15257,2.754511,24.418403,136.345594,1.226147,0.328677,2.010455,0.536812,4.616764,0.940352,3.382296,1004.949837
type_1	type_1,4,12.669677,2.15257,2.754511,24.418403,136.345594,1.226147,0.328677,2.010455,0.536812,4.616764,0.940352,3.382296,1004.949837
type_1	type_1,4,12.669677,2.15257,2.754511,24.418403,136.345594,1.226147,0.328677,2.010455,0.536812,4.616764,0.940352,3.382296,1004.949837
type_1	type_1,4,12.669677,2.15257,2.754511,24.418403,136.345594,1.226147,0.328677,2.010455,0.536812,4.616764,0.940352,3.382296,1004.949837
type_1	type_1,0,11.294402,3.253459,2.904259,25.39935,59.062175,1.646062,0.210934,2.651234,0.831197,1.469933,1.979921,2.586998,1391.29197
type_1	type_1,0,11.294402,3.253459,2.904259,25.39935,59.062175,1.646062,0.210934,2.651234,0.831197,1.469933,1.979921,2.586998,1391.29197
type_1	type_1,0,11.294402,3.253459,2.904259,25.39935,59.062175,1.646062,0.210934,2.651234,0.831197,1.469933,1.979921,2.586998,1391.29197
type_1	type_1,0,11.294402,3.253459,2.904259,25.39935,59.062175,1.646062,0.210934,2.651234,0.831197,1.469933,1.979921,2.586998,1391.29197
type_1	type_1,1,11.892913,3.209724,2.667991,19.398868,120.112521,2.586162,0.948468,4.778647,0.698655,3.397358,1.768332,1.463431,930.966218
type_1	type_1,1,12.799094,2.355858,2.963604,20.265017,87.662578,1.432965,0.927209,4.809754,0.143163,3.231563,0.899137,3.772783,1027.551751
type_1	type_1,1,12.799094,2.355858,2.963604,20.265017,87.662578,1.432965,0.927209,4.809754,0.143163,3.231563,0.899137,3.772783,1027.551751
type_1	type_1,1,12.799094,2.355858,2.963604,20.265017,87.662578,1.432965,0.927209,4.809754,0.143163,3.231563,0.899137,3.772783,1027.551751
type_1	type_1,9,14.813649,2.602881,2.892613,19.628465,77.929215,3.216035,0.788206,4.965288,0.882057,4.918937,1.585862,1.770485,1510.479418
