type_1	12.879676,1.16918,0.465801
type_1	12.879676,1.16918,0.465801
type_1	12.879676,1.16918,0.465801
type_1	12.879676,1.16918,0.465801
type_1	12.879676,1.16918,0.465801
type_1	12.879676,1.16918,0.465801
type_1	12.879676,1.16918,0.465801
type_1	12.879676,1.16918,0.465801
type_1	12.879676,1.16918,0.465801
type_1	12.669677,4.616764,0.940352
type_1	12.669677,4.616764,0.940352
type_1	12.669677,4.616764,0.940352
type_1	12.669677,4.616764,0.940352
type_1	11.763495,4.782559,1.293196
type_1	11.763495,4.782559,1.293196
type_1	11.763495,4.782559,1.293196
type_1	11.763495,4.782559,1.293196
type_1	11.763495,4.782559,1.293196
type_1	11.763495,4.782559,1.293196
type_1	10.800413,0.174407,0.283331
type_1	10.800413,0.174407,0.283331
type_1	10.800413,0.174407,0.283331
type_1	10.800413,0.174407,0.283331
type_1	10.800413,0.174407,0.283331
type_1	10.800413,0.174407,0.283331
type_1	10.800413,0.174407,0.283331
type_1	10.800413,0.174407,0.283331
type_1	10.800413,0.174407,0.283331
type_1	10.800413,0.174407,0.283331
type_1	10.800413,0.174407,0.283331
type_1	10.800413,0.174407,0.283331
type_1	10.800413,0.174407,0.283331
type_1	10.800413,0.174407,0.283331
type_1	10.800413,0.174407,0.283331
type_1	10.800413,0.174407,0.283331
type_1	10.800413,0.174407,0.283331
type_1	10.800413,0.174407,0.283331
type_1	10.800413,0.174407,0.283331
type_1	10.800413,0.174407,0.283331
type_1	10.800413,0.174407,0.283331
type_1	10.800413,0.174407,0.283331
type_1	10.800413,0.174407,0.283331
type_1	10.800413,0.174407,0.283331
type_1	10.800413,0.174407,0.283331
type_1	14.748941,0.611537,0.60647
type_1	14.748941,0.611537,0.60647
type_1	14.748941,0.611537,0.60647
type_1	14.748941,0.611537,0.60647
type_1	14.748941,0.611537,0.60647
type_1	14.748941,0.611537,0.60647
type_1	14.748941,0.611537,0.60647
type_1	13.842759,0.777333,1.475666
type_1	13.842759,0.777333,1.475666
type_1	13.842759,0.777333,1.475666
type_1	13.842759,0.777333,1.475666
type_1	13.842759,0.777333,1.475666
type_1	13.842759,0.777333,1.475666
type_1	13.842759,0.777333,1.475666
type_1	12.734386,3.924163,1.919744
type_1	12.734386,3.924163,1.919744
type_1	12.734386,3.924163,1.919744
type_1	12.879676,1.16918,0.465801
type_1	12.879676,1.16918,0.465801
type_1	12.879676,1.16918,0.465801
type_1	12.879676,1.16918,0.465801
type_1	14.813649,4.918937,1.585862
type_1	12.799094,3.231563,0.899137
type_1	12.799094,3.231563,0.899137
type_1	12.620841,3.515528,1.246705
type_1	12.620841,3.515528,1.246705
type_1	12.620841,3.515528,1.246705
type_1	12.620841,3.515528,1.246705
type_1	12.620841,3.515528,1.246705
type_1	12.620841,3.515528,1.246705
type_1	12.620841,3.515528,1.246705
type_1	12.620841,3.515528,1.246705
type_1	12.620841,3.515528,1.246705
type_1	12.620841,3.515528,1.246705
type_1	12.620841,3.515528,1.246705
type_1	12.620841,3.515528,1.246705
type_1	12.620841,3.515528,1.246705
type_1	12.620841,3.515528,1.246705
type_1	12.620841,3.515528,1.246705
type_1	12.620841,3.515528,1.246705
type_1	12.620841,3.515528,1.246705
type_1	12.620841,3.515528,1.246705
type_1	12.620841,3.515528,1.246705
type_1	12.620841,3.515528,1.246705
type_1	12.620841,3.515528,1.246705
type_1	12.620841,3.515528,1.246705
type_1	12.620841,3.515528,1.246705
type_1	12.620841,3.515528,1.246705
type_1	12.620841,3.515528,1.246705
type_1	14.943067,3.533736,0.060999
type_1	14.943067,3.533736,0.060999
type_1	14.943067,3.533736,0.060999
type_1	14.943067,3.533736,0.060999
type_1	14.943067,3.533736,0.060999
type_1	14.700105,4.934356,1.697998
type_1	14.700105,4.934356,1.697998
type_1	14.700105,4.934356,1.697998
type_1	14.700105,4.934356,1.697998
type_1	14.700105,4.934356,1.697998
type_1	14.700105,4.934356,1.697998
type_1	14.700105,4.934356,1.697998
type_1	14.700105,4.934356,1.697998
type_1	14.700105,4.934356,1.697998
type_1	14.700105,4.934356,1.697998
type_1	14.700105,4.934356,1.697998
type_1	14.700105,4.934356,1.697998
type_1	14.700105,4.934356,1.697998
type_1	14.700105,4.934356,1.697998
type_1	14.700105,4.934356,1.697998
type_1	14.700105,4.934356,1.697998
type_1	14.700105,4.934356,1.697998
type_1	12.799094,3.231563,0.899137
type_1	11.892913,3.397358,1.768332
type_1	11.294402,1.469933,1.979921
type_1	11.294402,1.469933,1.979921
type_1	11.294402,1.469933,1.979921
type_1	11.294402,1.469933,1.979921
type_1	11.771303,4.316011,0.90988
type_1	11.771303,4.316011,0.90988
type_1	11.771303,4.316011,0.90988
type_1	12.879676,1.16918,0.465801
type_1	12.879676,1.16918,0.465801
type_1	12.879676,1.16918,0.465801
type_1	12.879676,1.16918,0.465801
type_1	12.879676,1.16918,0.465801
type_1	13.785858,1.003385,1.596606
type_1	13.785858,1.003385,1.596606
type_1	13.785858,1.003385,1.596606
type_1	13.785858,1.003385,1.596606
type_1	13.785858,1.003385,1.596606
type_1	13.785858,1.003385,1.596606
type_1	13.785858,1.003385,1.596606
type_1	13.785858,1.003385,1.596606
type_1	13.785858,1.003385,1.596606
type_1	13.785858,1.003385,1.596606
type_1	13.785858,1.003385,1.596606
type_1	13.785858,1.003385,1.596606
type_1	13.785858,1.003385,1.596606
type_1	13.785858,1.003385,1.596606
type_1	13.785858,1.003385,1.596606
type_1	13.785858,1.003385,1.596606
type_1	13.785858,1.003385,1.596606
type_1	13.785858,1.003385,1.596606
type_1	13.785858,1.003385,1.596606
type_1	13.785858,1.003385,1.596606
type_1	13.785858,1.003385,1.596606
type_1	13.785858,1.003385,1.596606
type_1	13.785858,1.003385,1.596606
type_1	13.785858,1.003385,1.596606
type_1	12.734386,3.924163,1.919744
type_1	12.734386,3.924163,1.919744
type_1	12.734386,3.924163,1.919744
type_1	12.734386,3.924163,1.919744
type_1	12.734386,3.924163,1.919744
type_1	12.928512,1.846362,1.374273
type_1	12.928512,1.846362,1.374273
type_1	12.022331,2.012157,0.243469
type_1	13.527023,3.773787,1.162684
type_1	13.527023,3.773787,1.162684
type_1	13.527023,3.773787,1.162684
type_1	13.527023,3.773787,1.162684
type_1	13.527023,3.773787,1.162684
type_1	13.527023,3.773787,1.162684
type_1	13.527023,3.773787,1.162684
type_1	13.527023,3.773787,1.162684
type_1	13.527023,3.773787,1.162684
type_1	13.527023,3.773787,1.162684
type_1	13.527023,3.773787,1.162684
type_1	13.527023,3.773787,1.162684
type_1	14.700105,4.934356,1.697998
type_1	14.700105,4.934356,1.697998
type_1	14.764814,4.241755,0.67739
type_1	14.764814,4.241755,0.67739
type_1	13.462314,4.466387,1.66694
type_1	13.462314,4.466387,1.66694
type_1	13.462314,4.466387,1.66694
type_1	13.462314,4.466387,1.66694
type_1	13.462314,4.466387,1.66694
type_1	13.462314,4.466387,1.66694
type_1	13.462314,4.466387,1.66694
type_1	13.462314,4.466387,1.66694
type_1	13.462314,4.466387,1.66694
type_1	13.462314,4.466387,1.66694
type_1	10.072484,4.632183,0.536136
type_1	10.072484,4.632183,0.536136
type_1	10.072484,4.632183,0.536136
type_1	10.072484,4.632183,0.536136
type_1	10.072484,4.632183,0.536136
type_1	10.072484,4.632183,0.536136
type_1	10.072484,4.632183,0.536136
type_1	10.072484,4.632183,0.536136
type_1	10.072484,4.632183,0.536136
type_1	10.072484,4.632183,0.536136
type_1	10.072484,4.632183,0.536136
type_1	10.541578,0.461161,1.84941
type_1	11.771303,4.316011,0.90988
type_1	10.541578,0.461161,1.84941
type_1	10.541578,0.461161,1.84941
type_1	10.541578,0.461161,1.84941
type_1	10.541578,0.461161,1.84941
type_1	10.541578,0.461161,1.84941
type_1	10.541578,0.461161,1.84941
type_1	10.541578,0.461161,1.84941
type_1	10.541578,0.461161,1.84941
type_1	10.541578,0.461161,1.84941
type_1	12.151748,4.202254,1.244407
type_1	12.151748,4.202254,1.244407
type_1	12.151748,4.202254,1.244407
type_1	12.151748,4.202254,1.244407
type_1	12.151748,4.202254,1.244407
type_1	12.151748,4.202254,1.244407
type_1	12.151748,4.202254,1.244407
type_1	12.151748,4.202254,1.244407
type_1	12.151748,4.202254,1.244407
type_1	12.151748,4.202254,1.244407
type_1	12.151748,4.202254,1.244407
type_1	12.151748,4.202254,1.244407
type_1	12.151748,4.202254,1.244407
type_1	12.151748,4.202254,1.244407
type_1	12.151748,4.202254,1.244407
type_1	12.151748,4.202254,1.244407
type_1	12.151748,4.202254,1.244407
type_1	12.151748,4.202254,1.244407
type_1	12.151748,4.202254,1.244407
type_1	10.541578,0.461161,1.84941
type_1	12.022331,2.012157,0.243469
type_1	12.022331,2.012157,0.243469
type_1	12.022331,2.012157,0.243469
type_1	12.022331,2.012157,0.243469
type_1	12.022331,2.012157,0.243469
type_1	12.022331,2.012157,0.243469
type_1	12.022331,2.012157,0.243469
type_1	12.022331,2.012157,0.243469
type_1	10.007776,0.324783,1.040391
type_1	10.007776,0.324783,1.040391
type_1	10.007776,0.324783,1.040391
type_1	10.007776,0.324783,1.040391
type_1	12.993221,1.153761,0.353666
type_1	12.993221,1.153761,0.353666
type_1	12.993221,1.153761,0.353666
type_1	12.993221,1.153761,0.353666
type_1	12.993221,1.153761,0.353666
type_1	12.993221,1.153761,0.353666
type_1	12.993221,1.153761,0.353666
type_1	12.993221,1.153761,0.353666
type_1	12.087039,1.319557,1.222861
type_1	12.087039,1.319557,1.222861
type_1	12.087039,1.319557,1.222861
type_1	12.087039,1.319557,1.222861
type_1	12.087039,1.319557,1.222861
type_1	12.087039,1.319557,1.222861
type_1	12.087039,1.319557,1.222861
type_1	12.087039,1.319557,1.222861
type_1	12.087039,1.319557,1.222861
type_1	12.087039,1.319557,1.222861
type_1	12.087039,1.319557,1.222861
type_1	12.863803,2.538962,0.394881
type_1	12.863803,2.538962,0.394881
type_1	12.863803,2.538962,0.394881
type_1	12.863803,2.538962,0.394881
type_1	12.863803,2.538962,0.394881
type_1	12.863803,2.538962,0.394881
type_1	12.863803,2.538962,0.394881
type_1	12.863803,2.538962,0.394881
type_1	12.863803,2.538962,0.394881
type_1	12.863803,2.538962,0.394881
type_1	12.863803,2.538962,0.394881
type_1	12.863803,2.538962,0.394881
type_1	12.863803,2.538962,0.394881
type_1	12.863803,2.538962,0.394881
type_1	12.863803,2.538962,0.394881
type_1	12.863803,2.538962,0.394881
type_1	14.943067,3.533736,0.060999
type_1	14.943067,3.533736,0.060999
type_1	14.943067,3.533736,0.060999
type_1	14.943067,3.533736,0.060999
type_1	14.943067,3.533736,0.060999
type_1	14.943067,3.533736,0.060999
type_1	14.943067,3.533736,0.060999
type_1	14.943067,3.533736,0.060999
type_1	14.943067,3.533736,0.060999
type_1	14.943067,3.533736,0.060999
type_1	14.943067,3.533736,0.060999
type_1	14.943067,3.533736,0.060999
type_1	14.943067,3.533736,0.060999
type_1	14.943067,3.533736,0.060999
type_1	14.943067,3.533736,0.060999
type_1	14.943067,3.533736,0.060999
type_1	14.943067,3.533736,0.060999
type_1	12.879676,1.16918,0.465801
type_1	12.879676,1.16918,0.465801
type_1	12.879676,1.16918,0.465801
type_1	12.879676,1.16918,0.465801
type_1	12.879676,1.16918,0.465801
type_1	12.879676,1.16918,0.465801
type_1	12.879676,1.16918,0.465801
type_1	12.879676,1.16918,0.465801
type_2	11.624796,2.284467,1.668112
type_2	14.052759,4.813398,1.001115
type_2	14.052759,4.813398,1.001115
type_2	14.052759,4.813398,1.001115
type_2	14.052759,4.813398,1.001115
type_2	14.052759,4.813398,1.001115
type_2	14.052759,4.813398,1.001115
type_2	14.052759,4.813398,1.001115
type_2	14.052759,4.813398,1.001115
type_2	14.052759,4.813398,1.001115
type_2	14.052759,4.813398,1.001115
type_2	14.052759,4.813398,1.001115
type_2	14.052759,4.813398,1.001115
type_2	14.052759,4.813398,1.001115
type_2	14.052759,4.813398,1.001115
type_2	14.052759,4.813398,1.001115
type_2	14.052759,4.813398,1.001115
type_2	14.052759,4.813398,1.001115
type_2	14.052759,4.813398,1.001115
type_2	14.052759,4.813398,1.001115
type_2	14.052759,4.813398,1.001115
type_2	14.052759,4.813398,1.001115
type_2	14.052759,4.813398,1.001115
type_2	14.052759,4.813398,1.001115
type_2	14.052759,4.813398,1.001115
type_2	14.052759,4.813398,1.001115
type_2	14.052759,4.813398,1.001115
type_2	14.052759,4.813398,1.001115
type_2	14.052759,4.813398,1.001115
type_2	14.95894,4.647602,0.131919
type_2	14.95894,4.647602,0.131919
type_2	14.95894,4.647602,0.131919
type_2	14.95894,4.647602,0.131919
type_2	14.95894,4.647602,0.131919
type_2	14.95894,4.647602,0.131919
type_2	14.95894,4.647602,0.131919
type_2	14.95894,4.647602,0.131919
type_2	14.95894,4.647602,0.131919
type_2	14.95894,4.647602,0.131919
type_2	14.95894,4.647602,0.131919
type_2	14.95894,4.647602,0.131919
type_2	14.95894,4.647602,0.131919
type_2	14.95894,4.647602,0.131919
type_2	14.95894,4.647602,0.131919
type_2	14.95894,4.647602,0.131919
type_2	14.95894,4.647602,0.131919
type_2	14.95894,4.647602,0.131919
type_2	14.95894,4.647602,0.131919
type_2	14.95894,4.647602,0.131919
type_2	14.95894,4.647602,0.131919
type_2	14.95894,4.647602,0.131919
type_2	14.95894,4.647602,0.131919
type_2	14.95894,4.647602,0.131919
type_2	14.95894,4.647602,0.131919
type_2	14.95894,4.647602,0.131919
type_2	14.95894,4.647602,0.131919
type_2	14.95894,4.647602,0.131919
type_2	14.95894,4.647602,0.131919
type_2	14.95894,4.647602,0.131919
type_2	11.973495,4.818645,0.23468
type_2	11.973495,4.818645,0.23468
type_2	11.973495,4.818645,0.23468
type_2	11.973495,4.818645,0.23468
type_2	11.973495,4.818645,0.23468
type_2	11.973495,4.818645,0.23468
type_2	11.973495,4.818645,0.23468
type_2	11.973495,4.818645,0.23468
type_2	11.973495,4.818645,0.23468
type_2	11.973495,4.818645,0.23468
type_2	11.973495,4.818645,0.23468
type_2	11.973495,4.818645,0.23468
type_2	11.973495,4.818645,0.23468
type_2	11.973495,4.818645,0.23468
type_2	11.973495,4.818645,0.23468
type_2	11.973495,4.818645,0.23468
type_2	11.973495,4.818645,0.23468
type_2	11.973495,4.818645,0.23468
type_2	11.973495,4.818645,0.23468
type_2	11.973495,4.818645,0.23468
type_2	11.973495,4.818645,0.23468
type_2	11.973495,4.818645,0.23468
type_2	11.973495,4.818645,0.23468
type_2	11.973495,4.818645,0.23468
type_2	11.973495,4.818645,0.23468
type_2	11.973495,4.818645,0.23468
type_2	11.973495,4.818645,0.23468
type_2	11.067314,1.500772,1.687841
type_2	11.067314,1.500772,1.687841
type_2	11.067314,1.500772,1.687841
type_2	11.067314,1.500772,1.687841
type_2	11.067314,1.500772,1.687841
type_2	11.067314,1.500772,1.687841
type_2	11.067314,1.500772,1.687841
type_2	11.067314,1.500772,1.687841
type_2	11.067314,1.500772,1.687841
type_2	11.067314,1.500772,1.687841
type_2	11.067314,1.500772,1.687841
type_2	11.067314,1.500772,1.687841
type_2	11.067314,1.500772,1.687841
type_2	11.067314,1.500772,1.687841
type_2	11.067314,1.500772,1.687841
type_2	11.067314,1.500772,1.687841
type_2	11.067314,1.500772,1.687841
type_2	11.067314,1.500772,1.687841
type_2	11.067314,1.500772,1.687841
type_2	11.067314,1.500772,1.687841
type_2	11.067314,1.500772,1.687841
type_2	11.067314,1.500772,1.687841
type_2	11.067314,1.500772,1.687841
type_2	11.067314,1.500772,1.687841
type_2	11.067314,1.500772,1.687841
type_2	13.98805,0.505998,1.505371
type_2	13.98805,0.505998,1.505371
type_2	13.98805,0.505998,1.505371
type_2	13.98805,0.505998,1.505371
type_2	13.98805,0.505998,1.505371
type_2	13.98805,0.505998,1.505371
type_2	13.98805,0.505998,1.505371
type_2	13.98805,0.505998,1.505371
type_2	13.98805,0.505998,1.505371
type_2	13.98805,0.505998,1.505371
type_2	13.98805,0.505998,1.505371
type_2	13.98805,0.505998,1.505371
type_2	13.98805,0.505998,1.505371
type_2	13.98805,0.505998,1.505371
type_2	13.98805,0.505998,1.505371
type_2	13.98805,0.505998,1.505371
type_2	13.98805,0.505998,1.505371
type_2	13.98805,0.505998,1.505371
type_2	13.98805,0.505998,1.505371
type_2	13.98805,0.505998,1.505371
type_2	13.98805,0.505998,1.505371
type_2	14.894231,0.340202,1.152527
type_2	14.894231,0.340202,1.152527
type_2	14.894231,0.340202,1.152527
type_2	14.894231,0.340202,1.152527
type_2	14.894231,0.340202,1.152527
type_2	14.894231,0.340202,1.152527
type_2	14.894231,0.340202,1.152527
type_2	14.894231,0.340202,1.152527
type_2	14.894231,0.340202,1.152527
type_2	14.894231,0.340202,1.152527
type_2	14.894231,0.340202,1.152527
type_2	14.894231,0.340202,1.152527
type_2	14.894231,0.340202,1.152527
type_2	14.894231,0.340202,1.152527
type_2	14.894231,0.340202,1.152527
type_2	14.894231,0.340202,1.152527
type_2	14.894231,0.340202,1.152527
type_2	14.894231,0.340202,1.152527
type_2	14.894231,0.340202,1.152527
type_2	14.894231,0.340202,1.152527
type_2	14.894231,0.340202,1.152527
type_2	14.894231,0.340202,1.152527
type_2	14.894231,0.340202,1.152527
type_2	14.894231,0.340202,1.152527
type_2	14.894231,0.340202,1.152527
type_2	14.894231,0.340202,1.152527
type_2	14.894231,0.340202,1.152527
type_2	14.231012,4.105378,0.384724
type_2	14.231012,4.105378,0.384724
type_2	14.231012,4.105378,0.384724
type_2	14.231012,4.105378,0.384724
type_2	14.231012,4.105378,0.384724
type_2	14.231012,4.105378,0.384724
type_2	14.231012,4.105378,0.384724
type_2	14.231012,4.105378,0.384724
type_2	14.231012,4.105378,0.384724
type_2	14.231012,4.105378,0.384724
type_2	14.231012,4.105378,0.384724
type_2	14.231012,4.105378,0.384724
type_2	14.231012,4.105378,0.384724
type_2	14.231012,4.105378,0.384724
type_2	14.231012,4.105378,0.384724
type_2	14.231012,4.105378,0.384724
type_2	14.231012,4.105378,0.384724
type_2	14.231012,4.105378,0.384724
type_2	14.231012,4.105378,0.384724
type_2	14.231012,4.105378,0.384724
type_2	14.231012,4.105378,0.384724
type_2	14.231012,4.105378,0.384724
type_2	14.231012,4.105378,0.384724
type_2	14.231012,4.105378,0.384724
type_2	13.32483,4.271173,0.737567
type_2	13.32483,4.271173,0.737567
type_2	13.32483,4.271173,0.737567
type_2	13.32483,4.271173,0.737567
type_2	13.32483,4.271173,0.737567
type_2	13.32483,4.271173,0.737567
type_2	13.32483,4.271173,0.737567
type_2	13.32483,4.271173,0.737567
type_2	13.32483,4.271173,0.737567
type_2	13.32483,4.271173,0.737567
type_2	13.32483,4.271173,0.737567
type_2	13.32483,4.271173,0.737567
type_2	13.32483,4.271173,0.737567
type_2	13.32483,4.271173,0.737567
type_2	13.32483,4.271173,0.737567
type_2	13.32483,4.271173,0.737567
type_2	13.32483,4.271173,0.737567
type_2	13.32483,4.271173,0.737567
type_2	13.32483,4.271173,0.737567
type_2	13.32483,4.271173,0.737567
type_2	13.32483,4.271173,0.737567
type_2	13.32483,4.271173,0.737567
type_2	13.32483,4.271173,0.737567
type_2	13.32483,4.271173,0.737567
type_2	10.339385,0.958547,1.424293
type_2	10.339385,0.958547,1.424293
type_2	10.339385,0.958547,1.424293
type_2	10.339385,0.958547,1.424293
type_2	10.339385,0.958547,1.424293
type_2	10.339385,0.958547,1.424293
type_2	10.339385,0.958547,1.424293
type_2	10.339385,0.958547,1.424293
type_2	10.339385,0.958547,1.424293
type_2	11.245567,0.792752,1.071449
type_2	11.245567,0.792752,1.071449
type_2	11.245567,0.792752,1.071449
type_2	11.245567,0.792752,1.071449
type_2	11.245567,0.792752,1.071449
type_2	11.245567,0.792752,1.071449
type_2	11.245567,0.792752,1.071449
type_2	11.245567,0.792752,1.071449
type_2	11.245567,0.792752,1.071449
type_2	11.245567,0.792752,1.071449
type_2	11.245567,0.792752,1.071449
type_2	11.245567,0.792752,1.071449
type_2	11.245567,0.792752,1.071449
type_2	13.260122,4.963774,1.758175
type_2	13.260122,4.963774,1.758175
type_2	13.260122,4.963774,1.758175
type_2	13.260122,4.963774,1.758175
type_2	13.260122,4.963774,1.758175
type_2	13.260122,4.963774,1.758175
type_2	13.260122,4.963774,1.758175
type_2	13.260122,4.963774,1.758175
type_2	13.260122,4.963774,1.758175
type_2	13.260122,4.963774,1.758175
type_2	14.166303,4.797978,0.888979
type_2	14.166303,4.797978,0.888979
type_2	14.166303,4.797978,0.888979
type_2	14.166303,4.797978,0.888979
type_2	14.166303,4.797978,0.888979
type_2	14.166303,4.797978,0.888979
type_2	14.166303,4.797978,0.888979
type_2	14.166303,4.797978,0.888979
type_2	14.166303,4.797978,0.888979
type_2	14.166303,4.797978,0.888979
type_2	14.166303,4.797978,0.888979
type_2	11.779369,3.412777,1.364116
type_2	11.779369,3.412777,1.364116
type_2	11.779369,3.412777,1.364116
type_2	11.779369,3.412777,1.364116
type_2	11.779369,3.412777,1.364116
type_2	11.779369,3.412777,1.364116
type_2	11.779369,3.412777,1.364116
type_2	11.779369,3.412777,1.364116
type_2	11.310276,0.100151,0.050842
type_2	11.310276,0.100151,0.050842
type_2	11.310276,0.100151,0.050842
type_2	11.310276,0.100151,0.050842
type_2	11.310276,0.100151,0.050842
type_2	11.310276,0.100151,0.050842
type_2	11.310276,0.100151,0.050842
type_2	11.310276,0.100151,0.050842
type_2	11.310276,0.100151,0.050842
type_2	11.310276,0.100151,0.050842
type_2	11.310276,0.100151,0.050842
type_2	11.310276,0.100151,0.050842
type_2	13.130704,1.348975,1.283038
type_2	13.130704,1.348975,1.283038
type_2	13.130704,1.348975,1.283038
type_2	13.130704,1.348975,1.283038
type_2	13.130704,1.348975,1.283038
type_2	13.130704,1.348975,1.283038
type_2	13.130704,1.348975,1.283038
type_2	13.130704,1.348975,1.283038
type_2	13.130704,1.348975,1.283038
type_2	13.130704,1.348975,1.283038
type_2	13.130704,1.348975,1.283038
type_2	13.130704,1.348975,1.283038
type_2	13.130704,1.348975,1.283038
type_2	13.130704,1.348975,1.283038
type_2	13.130704,1.348975,1.283038
type_2	13.130704,1.348975,1.283038
type_2	14.036885,1.183179,0.930195
type_2	10.145259,3.036349,1.969764
type_2	10.145259,3.036349,1.969764
type_2	10.145259,3.036349,1.969764
type_2	10.145259,3.036349,1.969764
type_2	10.145259,3.036349,1.969764
type_2	10.145259,3.036349,1.969764
type_2	10.145259,3.036349,1.969764
type_2	10.145259,3.036349,1.969764
type_2	10.145259,3.036349,1.969764
type_2	10.145259,3.036349,1.969764
type_2	10.145259,3.036349,1.969764
type_2	10.145259,3.036349,1.969764
type_2	10.145259,3.036349,1.969764
type_2	10.145259,3.036349,1.969764
type_2	10.145259,3.036349,1.969764
type_2	10.145259,3.036349,1.969764
type_2	10.145259,3.036349,1.969764
type_2	10.274677,1.651148,0.444901
type_2	10.274677,1.651148,0.444901
type_2	10.274677,1.651148,0.444901
type_2	10.274677,1.651148,0.444901
type_2	10.274677,1.651148,0.444901
type_2	10.274677,1.651148,0.444901
type_2	10.274677,1.651148,0.444901
type_2	10.274677,1.651148,0.444901
type_2	10.274677,1.651148,0.444901
type_2	10.274677,1.651148,0.444901
type_2	10.274677,1.651148,0.444901
type_2	10.274677,1.651148,0.444901
type_2	10.274677,1.651148,0.444901
type_2	13.195413,0.656374,0.778783
type_2	13.195413,0.656374,0.778783
type_2	13.195413,0.656374,0.778783
type_2	13.195413,0.656374,0.778783
type_2	13.195413,0.656374,0.778783
type_2	13.195413,0.656374,0.778783
type_2	13.195413,0.656374,0.778783
type_2	13.195413,0.656374,0.778783
type_2	13.195413,0.656374,0.778783
type_2	13.195413,0.656374,0.778783
type_2	13.195413,0.656374,0.778783
type_2	13.195413,0.656374,0.778783
type_2	13.195413,0.656374,0.778783
type_2	13.195413,0.656374,0.778783
type_2	11.116149,2.177953,0.596313
type_2	11.116149,2.177953,0.596313
type_2	11.116149,2.177953,0.596313
type_2	11.116149,2.177953,0.596313
type_2	14.546748,1.108924,0.697705
type_2	14.546748,1.108924,0.697705
type_2	14.546748,1.108924,0.697705
type_2	14.546748,1.108924,0.697705
type_2	14.546748,1.108924,0.697705
type_2	14.546748,1.108924,0.697705
type_2	10.45293,0.943128,1.828509
type_2	10.45293,0.943128,1.828509
type_2	10.45293,0.943128,1.828509
type_2	10.45293,0.943128,1.828509
type_2	10.45293,0.943128,1.828509
type_2	10.45293,0.943128,1.828509
type_2	10.45293,0.943128,1.828509
type_2	10.45293,0.943128,1.828509
type_2	13.373666,4.948355,0.162391
type_2	10.388221,1.635729,0.849117
type_2	10.388221,1.635729,0.849117
type_2	10.388221,1.635729,0.849117
type_2	14.48204,1.801524,1.201961
type_2	14.48204,1.801524,1.201961
type_2	14.48204,1.801524,1.201961
type_2	14.48204,1.801524,1.201961
type_2	10.08055,3.728949,0.990372
type_2	10.08055,3.728949,0.990372
type_2	10.08055,3.728949,0.990372
type_2	10.08055,3.728949,0.990372
type_2	10.986732,3.563154,0.121176
type_3	14.692039,0.837589,0.72741
type_3	10.161132,1.666567,0.040684
type_3	12.35394,0.12957,0.627371
type_3	11.690721,3.894745,1.859567
type_3	10.161132,1.666567,0.040684
type_3	10.161132,1.666567,0.040684
type_3	10.161132,1.666567,0.040684
type_3	10.161132,1.666567,0.040684
type_3	13.575858,1.96732,0.071156
type_3	14.433204,3.607991,0.293489
type_3	14.433204,3.607991,0.293489
type_3	12.418649,4.436969,1.606763
type_3	12.418649,4.436969,1.606763
type_3	12.418649,4.436969,1.606763
type_3	12.418649,4.436969,1.606763
type_3	12.418649,4.436969,1.606763
type_3	12.418649,4.436969,1.606763
type_3	12.418649,4.436969,1.606763
type_3	12.418649,4.436969,1.606763
type_3	12.418649,4.436969,1.606763
type_3	12.418649,4.436969,1.606763
type_3	12.418649,4.436969,1.606763
type_3	12.418649,4.436969,1.606763
type_3	12.418649,4.436969,1.606763
type_3	12.418649,4.436969,1.606763
type_3	12.418649,4.436969,1.606763
type_3	12.418649,4.436969,1.606763
type_3	12.418649,4.436969,1.606763
type_3	13.575858,1.96732,0.071156
type_3	13.575858,1.96732,0.071156
type_3	13.575858,1.96732,0.071156
type_3	13.575858,1.96732,0.071156
type_3	11.690721,3.894745,1.859567
type_3	13.705276,3.065767,0.546293
type_3	14.611457,2.899971,1.677097
type_3	10.161132,1.666567,0.040684
type_3	10.161132,1.666567,0.040684
type_3	10.161132,1.666567,0.040684
type_3	14.692039,0.837589,0.72741
type_3	14.692039,0.837589,0.72741
type_3	14.692039,0.837589,0.72741
type_3	14.692039,0.837589,0.72741
type_3	14.692039,0.837589,0.72741
type_3	13.081868,0.671794,0.374566
type_3	13.081868,0.671794,0.374566
type_3	12.224523,1.51477,0.152234
type_3	12.224523,1.51477,0.152234
type_3	12.224523,1.51477,0.152234
type_3	12.224523,1.51477,0.152234
type_3	12.224523,1.51477,0.152234
type_3	12.224523,1.51477,0.152234
type_3	12.224523,1.51477,0.152234
type_3	12.224523,1.51477,0.152234
type_3	12.224523,1.51477,0.152234
type_3	12.224523,1.51477,0.152234
type_3	12.224523,1.51477,0.152234
type_3	14.239078,3.202144,0.83896
type_3	14.239078,3.202144,0.83896
type_3	14.239078,3.202144,0.83896
type_3	14.239078,3.202144,0.83896
type_3	14.239078,3.202144,0.83896
type_3	14.239078,3.202144,0.83896
type_3	14.239078,3.202144,0.83896
type_3	14.239078,3.202144,0.83896
type_3	14.239078,3.202144,0.83896
type_3	14.239078,3.202144,0.83896
type_3	14.239078,3.202144,0.83896
type_3	14.239078,3.202144,0.83896
type_3	14.239078,3.202144,0.83896
type_3	14.239078,3.202144,0.83896
type_3	14.239078,3.202144,0.83896
type_3	14.239078,3.202144,0.83896
type_3	14.239078,3.202144,0.83896
type_3	14.239078,3.202144,0.83896
type_3	13.081868,0.671794,0.374566
type_3	13.640567,3.758367,1.050549
type_3	13.640567,3.758367,1.050549
type_3	13.640567,3.758367,1.050549
type_3	13.640567,3.758367,1.050549
type_3	13.640567,3.758367,1.050549
type_3	13.640567,3.758367,1.050549
type_3	10.655122,0.445741,1.737274
type_3	10.655122,0.445741,1.737274
type_3	10.655122,0.445741,1.737274
type_3	10.655122,0.445741,1.737274
type_3	10.655122,0.445741,1.737274
type_3	10.655122,0.445741,1.737274
type_3	11.561303,0.279946,1.384431
type_3	11.561303,0.279946,1.384431
type_3	11.561303,0.279946,1.384431
type_3	11.561303,0.279946,1.384431
type_3	12.418649,4.436969,1.606763
type_3	12.418649,4.436969,1.606763
type_3	12.418649,4.436969,1.606763
type_3	12.418649,4.436969,1.606763
type_3	12.418649,4.436969,1.606763
type_3	12.612775,2.359168,1.061292
type_3	12.612775,2.359168,1.061292
type_3	12.612775,2.359168,1.061292
type_3	12.612775,2.359168,1.061292
type_3	12.612775,2.359168,1.061292
type_3	12.612775,2.359168,1.061292
type_3	12.612775,2.359168,1.061292
type_3	12.612775,2.359168,1.061292
type_3	12.612775,2.359168,1.061292
type_3	12.612775,2.359168,1.061292
type_3	12.612775,2.359168,1.061292
type_3	12.612775,2.359168,1.061292
type_3	12.612775,2.359168,1.061292
type_3	12.612775,2.359168,1.061292
type_3	12.612775,2.359168,1.061292
type_3	12.612775,2.359168,1.061292
type_3	12.612775,2.359168,1.061292
type_3	10.849248,3.36794,1.191803
type_3	10.849248,3.36794,1.191803
type_3	10.849248,3.36794,1.191803
type_3	10.849248,3.36794,1.191803
type_3	10.849248,3.36794,1.191803
type_3	10.849248,3.36794,1.191803
type_3	10.849248,3.36794,1.191803
type_3	10.849248,3.36794,1.191803
type_3	10.849248,3.36794,1.191803
type_3	10.849248,3.36794,1.191803
type_3	10.849248,3.36794,1.191803
type_3	10.849248,3.36794,1.191803
type_3	10.849248,3.36794,1.191803
type_3	10.849248,3.36794,1.191803
type_3	10.849248,3.36794,1.191803
type_3	10.849248,3.36794,1.191803
type_3	10.849248,3.36794,1.191803
type_3	10.849248,3.36794,1.191803
type_3	12.612775,2.359168,1.061292
type_3	12.612775,2.359168,1.061292
type_3	12.612775,2.359168,1.061292
type_3	12.612775,2.359168,1.061292
type_3	12.612775,2.359168,1.061292
type_3	12.612775,2.359168,1.061292
type_3	12.612775,2.359168,1.061292
type_3	12.612775,2.359168,1.061292
type_3	11.706594,2.524963,1.930488
type_3	11.706594,2.524963,1.930488
type_3	11.706594,2.524963,1.930488
type_3	11.706594,2.524963,1.930488
type_3	11.706594,2.524963,1.930488
type_3	11.706594,2.524963,1.930488
type_3	11.706594,2.524963,1.930488
type_3	11.706594,2.524963,1.930488
type_3	11.706594,2.524963,1.930488
type_3	11.706594,2.524963,1.930488
type_3	11.706594,2.524963,1.930488
type_3	11.706594,2.524963,1.930488
type_3	11.706594,2.524963,1.930488
type_3	11.706594,2.524963,1.930488
type_3	11.706594,2.524963,1.930488
type_3	11.706594,2.524963,1.930488
type_3	11.706594,2.524963,1.930488
type_3	11.706594,2.524963,1.930488
type_3	11.706594,2.524963,1.930488
type_3	14.368495,1.816944,1.314096
type_3	14.368495,1.816944,1.314096
type_3	14.368495,1.816944,1.314096
type_3	14.368495,1.816944,1.314096
type_3	14.368495,1.816944,1.314096
type_3	14.368495,1.816944,1.314096
type_3	14.368495,1.816944,1.314096
type_3	14.368495,1.816944,1.314096
type_3	14.368495,1.816944,1.314096
type_3	11.561303,0.279946,1.384431
type_3	11.561303,0.279946,1.384431
type_3	13.081868,0.671794,0.374566
type_3	13.081868,0.671794,0.374566
type_3	13.081868,0.671794,0.374566
type_3	13.081868,0.671794,0.374566
type_3	13.081868,0.671794,0.374566
type_3	13.081868,0.671794,0.374566
type_3	13.081868,0.671794,0.374566
type_3	13.081868,0.671794,0.374566
type_3	13.081868,0.671794,0.374566
type_3	13.081868,0.671794,0.374566
type_3	13.081868,0.671794,0.374566
type_3	12.289231,0.82217,1.131626
type_3	12.289231,0.82217,1.131626
type_3	12.289231,0.82217,1.131626
type_3	12.289231,0.82217,1.131626
type_3	12.289231,0.82217,1.131626
type_3	12.289231,0.82217,1.131626
type_3	12.289231,0.82217,1.131626
type_3	12.289231,0.82217,1.131626
type_3	12.289231,0.82217,1.131626
type_3	12.289231,0.82217,1.131626
type_3	12.289231,0.82217,1.131626
type_3	12.289231,0.82217,1.131626
type_3	12.289231,0.82217,1.131626
type_3	13.081868,0.671794,0.374566
type_3	13.081868,0.671794,0.374566
type_3	13.081868,0.671794,0.374566
type_3	13.081868,0.671794,0.374566
type_3	13.081868,0.671794,0.374566
type_3	13.081868,0.671794,0.374566
type_3	13.081868,0.671794,0.374566
type_3	13.081868,0.671794,0.374566
type_3	13.081868,0.671794,0.374566
type_3	13.081868,0.671794,0.374566
type_3	13.081868,0.671794,0.374566
type_3	12.35394,0.12957,0.627371
type_3	12.35394,0.12957,0.627371
type_3	12.35394,0.12957,0.627371
type_3	12.35394,0.12957,0.627371
type_3	12.35394,0.12957,0.627371
type_3	12.35394,0.12957,0.627371
type_3	12.35394,0.12957,0.627371
type_3	12.35394,0.12957,0.627371
type_3	12.35394,0.12957,0.627371
type_3	12.35394,0.12957,0.627371
type_3	12.35394,0.12957,0.627371
type_3	12.35394,0.12957,0.627371
type_3	12.35394,0.12957,0.627371
type_3	11.447759,0.295365,0.980214
type_3	11.447759,0.295365,0.980214
type_3	11.447759,0.295365,0.980214
type_3	11.447759,0.295365,0.980214
type_3	11.447759,0.295365,0.980214
type_3	11.447759,0.295365,0.980214
type_3	11.447759,0.295365,0.980214
type_3	11.447759,0.295365,0.980214
type_3	11.447759,0.295365,0.980214
type_3	11.447759,0.295365,0.980214
type_3	11.447759,0.295365,0.980214
type_3	14.433204,3.607991,0.293489
type_3	14.433204,3.607991,0.293489
type_3	14.433204,3.607991,0.293489
type_3	14.433204,3.607991,0.293489
type_3	14.433204,3.607991,0.293489
type_3	14.433204,3.607991,0.293489
type_3	14.433204,3.607991,0.293489
type_3	13.081868,0.671794,0.374566
type_3	13.081868,0.671794,0.374566
type_3	10.161132,1.666567,0.040684
type_3	11.706594,2.524963,1.930488
type_3	14.692039,0.837589,0.72741
type_3	14.692039,0.837589,0.72741
type_3	14.692039,0.837589,0.72741
type_3	14.692039,0.837589,0.72741
type_3	14.692039,0.837589,0.72741
type_3	14.692039,0.837589,0.72741
type_3	14.692039,0.837589,0.72741
type_3	11.38305,0.987966,8.22E-4
type_3	11.38305,0.987966,8.22E-4
type_3	11.38305,0.987966,8.22E-4
type_3	11.38305,0.987966,8.22E-4
type_3	11.38305,0.987966,8.22E-4
type_3	11.38305,0.987966,8.22E-4
type_3	11.38305,0.987966,8.22E-4
type_3	14.692039,0.837589,0.72741
type_3	14.692039,0.837589,0.72741
type_3	14.692039,0.837589,0.72741
type_3	14.433204,3.607991,0.293489
type_3	14.433204,3.607991,0.293489
type_3	14.692039,0.837589,0.72741
type_3	14.692039,0.837589,0.72741
type_3	14.692039,0.837589,0.72741
type_3	14.692039,0.837589,0.72741
type_3	14.692039,0.837589,0.72741
type_3	14.692039,0.837589,0.72741
type_3	14.692039,0.837589,0.72741
type_3	14.692039,0.837589,0.72741
type_3	11.577176,3.910164,1.455351
type_3	11.577176,3.910164,1.455351
type_3	11.577176,3.910164,1.455351
type_3	11.577176,3.910164,1.455351
type_3	11.577176,3.910164,1.455351
type_3	11.577176,3.910164,1.455351
type_3	11.577176,3.910164,1.455351
type_3	11.577176,3.910164,1.455351
type_3	11.577176,3.910164,1.455351
type_3	11.577176,3.910164,1.455351
type_3	11.577176,3.910164,1.455351
type_3	11.577176,3.910164,1.455351
type_3	11.577176,3.910164,1.455351
type_3	11.577176,3.910164,1.455351
type_3	11.577176,3.910164,1.455351
type_3	11.577176,3.910164,1.455351
type_3	11.577176,3.910164,1.455351
type_3	11.577176,3.910164,1.455351
type_3	11.577176,3.910164,1.455351
type_3	11.577176,3.910164,1.455351
type_3	11.577176,3.910164,1.455351
type_3	11.577176,3.910164,1.455351
type_3	11.577176,3.910164,1.455351
type_3	11.577176,3.910164,1.455351
type_3	12.483358,3.744369,0.586155
type_3	12.483358,3.744369,0.586155
type_3	12.483358,3.744369,0.586155
type_3	12.483358,3.744369,0.586155
type_3	12.483358,3.744369,0.586155
type_3	12.483358,3.744369,0.586155
type_3	12.483358,3.744369,0.586155
type_3	12.483358,3.744369,0.586155
type_3	12.483358,3.744369,0.586155
type_3	12.483358,3.744369,0.586155
type_3	12.483358,3.744369,0.586155
type_3	12.483358,3.744369,0.586155
type_3	12.483358,3.744369,0.586155
type_3	12.483358,3.744369,0.586155
type_3	12.483358,3.744369,0.586155
type_3	12.483358,3.744369,0.586155
type_3	12.483358,3.744369,0.586155
type_3	12.483358,3.744369,0.586155
type_3	12.483358,3.744369,0.586155
type_3	12.483358,3.744369,0.586155
type_3	12.483358,3.744369,0.586155
type_3	14.497913,2.915391,1.272881
type_3	14.497913,2.915391,1.272881
type_3	14.497913,2.915391,1.272881
type_3	14.497913,2.915391,1.272881
type_3	14.497913,2.915391,1.272881
type_3	14.497913,2.915391,1.272881
type_3	14.497913,2.915391,1.272881
type_3	14.497913,2.915391,1.272881
type_3	14.497913,2.915391,1.272881
type_3	14.497913,2.915391,1.272881
type_3	14.497913,2.915391,1.272881
type_3	14.497913,2.915391,1.272881
type_3	14.497913,2.915391,1.272881
type_3	14.497913,2.915391,1.272881
type_3	14.497913,2.915391,1.272881
type_3	14.497913,2.915391,1.272881
type_3	14.497913,2.915391,1.272881
type_3	14.497913,2.915391,1.272881
type_3	14.497913,2.915391,1.272881
type_3	14.497913,2.915391,1.272881
type_3	14.497913,2.915391,1.272881
type_3	14.497913,2.915391,1.272881
type_3	10.404094,2.749595,0.920037
type_3	14.692039,0.837589,0.72741
type_3	14.692039,0.837589,0.72741
type_3	14.692039,0.837589,0.72741
